1960 9.86625e+12
1961 1.01816e+13
1962 1.09393e+13
1963 1.18295e+13
1964 1.29795e+13
1965 1.42973e+13
1966 1.54471e+13
1967 1.63933e+13
1968 1.76533e+13
1969 1.94706e+13
1970 2.16818e+13
1971 2.39207e+13
1972 2.75713e+13
1973 3.387e+13
1974 3.9453e+13
1975 4.41481e+13
1976 4.77902e+13
1977 5.40106e+13
1978 6.3114e+13
1979 7.38595e+13
1980 8.40612e+13
1981 8.7278e+13
1982 8.60453e+13
1983 8.64702e+13
1984 8.90618e+13
1985 9.34829e+13
1986 1.09591e+14
1987 1.24229e+14
1988 1.38359e+14
1989 1.47435e+14
1990 1.67362e+14
1991 1.76807e+14
1992 1.86627e+14
1993 1.89742e+14
1994 2.03579e+14
1995 2.27283e+14
1996 2.34156e+14
1997 2.33945e+14
1998 2.33406e+14
1999 2.39644e+14
2000 2.4752e+14
2001 2.47028e+14
2002 2.57389e+14
2003 2.9073e+14
2004 3.30319e+14
2005 3.61723e+14
2006 3.97043e+14
2007 4.54952e+14
2008 5.07081e+14
2009 4.80821e+14
2010 5.33125e+14
2011 5.98867e+14
2012 6.15381e+14
2013 6.37685e+14
2014 6.56375e+14
2015 6.17396e+14
2016 6.24239e+14
2017 6.672e+14
